00001001000000000000000000000000000
00001001000001100010000010000000000
00001110110000000001000010101000000
00001100010000000001000010101000000
01101010000000000000000000000000000
00001001000001100010000010000010000
00001100110000000001000010101000001
00001011110000000001000010101000001
00000000000000000000000000000000000
00001001000001100010000010000100000
00000000000000000000000000000000000
00000000000000000000000000000000000
00001001000000010010000010000110000
00001001000001100000100010000000000
00001001000001100001000001011000001
00001110010000000001000000000000000
00101000000000000000000000000001110
00101000100000000000000000000001100
00010000110000011000010000001000000
00010000110000011000010000001000000
00001001000001011000000010000110000
00001001000001011000001001001000001
00001001000000010000001001010000001
00001000001000000000000000000110010
00001000101000000000000000000110000
00101100101000000000000000000001010
00000000000000000000000000000000000
00001001000001100100000000000000010
00101110001001001000000100000001010
00101110101000000000000000000001000
00001001000000010100000000000000010
00001001000001100100000000000000000
10000000000010000000000000000000000
00110000101000000000000000000001000
00000000000000000000000000000000000
00010000000100000100000000000000010
00000000000000000000000000000000000
00000000000000000000000000000000000
00000000000000000000000000000000000
00000000000000000000000000000000000
00000000000000000000000000000000000
00000000000000000000000000000000000
00000000000000000000000000000000000
00000000000000000000000000000000000
00000000000000000000000000000000000
00000000000000000000000000000000000
00000000000000000000000000000000000
00000000000000000000000000000000000
00000000000000000000000000000000000
00000000000000000000000000000000000
00000000000000000000000000000000000
00000000000000000000000000000000000
00000000000000000000000000000000000
00000000000000000000000000000000000
00000000000000000000000000000000000
00000000000000000000000000000000000
00000000000000000000000000000000000
00000000000000000000000000000000000
00000000000000000000000000000000000
00000000000000000000000000000000000
00000000000000000000000000000000000
00000000000000000000000000000000000
00000000000000000000000000000000000
00000000000000000000000000000000000
